1990.742201	130.4890532	46.99946568	29.99843952	10.97596389	-0.158272237
1991.767467	130.4891285	46.99954223	29.99845371	11.00354248	-0.158213278
1992.807712	130.4892037	46.99961879	29.99846791	11.03127294	-0.158154651
1993.863019	130.489279	46.99969534	29.99848213	11.05915633	-0.158096353
1994.933474	130.4893543	46.99977188	29.99849634	11.08719363	-0.158038381
1996.01916	130.4894296	46.99984843	29.99851056	11.11538581	-0.157980731
1997.120165	130.4895049	46.99992497	29.99852476	11.14373379	-0.1579234
1998.236573	130.4895801	47.00000151	29.99853895	11.17223846	-0.157866385
1999.368473	130.4896554	47.00007805	29.99855312	11.20090066	-0.157809685
2000.515476	130.4897307	47.00015459	29.99857866	11.22903869	-0.158238121
2001.671696	130.489806	47.00023112	29.99896182	11.24851096	-0.175926829
2002.829119	130.4898812	47.00030765	30.00025149	11.2489275	-0.239678783
2003.985242	130.4899565	47.00038418	30.00238804	11.22804554	-0.351437455
2005.139592	130.4900317	47.00046072	30.00502902	11.18707982	-0.501868048
2006.292614	130.490107	47.00053725	30.00755265	11.12910669	-0.669969109
2007.443378	130.4901822	47.00061378	30.009577	11.05587134	-0.847289606
2008.590585	130.4902574	47.00069032	30.01077117	10.96905184	-1.028304173
2009.732597	130.4903326	47.00076686	30.01067202	10.87023462	-1.200671189
2010.867823	130.4904078	47.0008434	30.00872231	10.76128817	-1.346415033
2011.993862	130.490483	47.00091995	30.00473878	10.64320306	-1.463490611
2013.108558	130.4905581	47.0009965	29.99857959	10.51742363	-1.550130254
2014.209479	130.4906332	47.00107306	29.99014589	10.38508479	-1.603820458
2015.294003	130.4907083	47.00114962	29.9794803	10.2470994	-1.626249432
2016.360566	130.4907833	47.00122619	29.96650168	10.10578316	-1.612271529
2017.406941	130.4908583	47.00130277	29.95131107	9.962415267	-1.561607618
2018.430443	130.4909333	47.00137935	29.93419516	9.817553315	-1.479562259
2019.429281	130.4910083	47.00145594	29.9154517	9.672809408	-1.371056866
2020.401838	130.4910833	47.00153253	29.89545681	9.529784196	-1.242939479
2021.346145	130.4911582	47.00160913	29.87468456	9.389375309	-1.104693832
2022.260587	130.4912331	47.00168574	29.85355248	9.252670745	-0.962473361
2023.143715	130.4913081	47.00176235	29.8324644	9.12071135	-0.821486508
2023.99581	130.491383	47.00183897	29.81186434	8.996508622	-0.690807896
2024.816128	130.4914579	47.00191559	29.79208012	8.881248733	-0.573059973
2025.603814	130.4915328	47.00199223	29.77335786	8.775585447	-0.467653761
2026.359641	130.4916077	47.00206886	29.75589703	8.681882449	-0.373811207
2027.083309	130.4916826	47.00214551	29.73988684	8.600535263	-0.290770592
2027.774078	130.4917575	47.00222216	29.72549271	8.530879028	-0.217784749
2028.431261	130.4918325	47.00229882	29.71284946	8.471890747	-0.15411914
2029.054848	130.4919074	47.00237549	29.7020586	8.423067429	-0.099049965
2029.645119	130.4919823	47.00245217	29.69319229	8.383937361	-0.051863038
2030.202583	130.4920573	47.00252885	29.6862948	8.354016598	-0.011853627
2030.770316	130.4921385	47.00261193	29.68106448	8.331423206	0.024195737
2031.262769	130.4922135	47.00268863	29.67829854	8.320245146	0.051471441
2031.728859	130.4922885	47.00276535	29.67748441	8.321606238	0.073678911
2032.170203	130.4923635	47.00284207	29.67857254	8.335256075	0.091472146
2032.588034	130.4924385	47.0029188	29.68149291	8.360110391	0.105507101
2032.98328	130.4925136	47.00299555	29.68613988	8.39438622	0.117314537
2033.356888	130.4925886	47.0030723	29.69234756	8.436134763	0.130879102
2033.710459	130.4926637	47.00314907	29.69994481	8.484162685	0.15038511
2034.046125	130.4927388	47.00322585	29.70884341	8.537901169	0.175959517
2034.366001	130.4928139	47.00330264	29.71897141	8.596696449	0.207008716
2034.672092	130.492889	47.00337944	29.73025744	8.659726315	0.243014313
2034.96663	130.4929642	47.00345625	29.74263282	8.726475696	0.283521843
2035.251836	130.4930394	47.00353308	29.75602181	8.796437429	0.328617704
2035.52971	130.4931146	47.00360992	29.77031302	8.868849553	0.380455732
2035.802395	130.4931898	47.00368676	29.7854316	8.943214223	0.439924394
2036.071931	130.493265	47.00376362	29.80133278	9.018970194	0.506889334
2036.339584	130.4933403	47.00384049	29.81795803	9.094605983	0.582059335
2036.605937	130.4934156	47.00391736	29.83525983	9.167881798	0.665716468
2036.872409	130.4934909	47.00399425	29.85322955	9.237920898	0.757321664
2037.140239	130.4935662	47.00407114	29.8718711	9.303849248	0.856183958
2037.41084	130.4936416	47.00414804	29.8912115	9.36531467	0.961238964
2037.685306	130.493717	47.00422494	29.91127982	9.421784402	1.071522198
2037.962666	130.4937924	47.00430184	29.93207322	9.470216529	1.185439414
2038.241096	130.4938679	47.00437875	29.95365144	9.506893702	1.296862051
2038.52013	130.4939434	47.00445565	29.97606581	9.530431638	1.401556979
2038.799742	130.494019	47.00453256	29.99931951	9.540583189	1.498262728
2039.080011	130.4940945	47.00460946	30.02342477	9.537748102	1.58540645
2039.361314	130.4941702	47.00468636	30.04844328	9.523219238	1.65943818
2039.643867	130.4942458	47.00476326	30.07455871	9.498436958	1.709755888
2039.927498	130.4943215	47.00484015	30.10181457	9.464653629	1.730872397
2040.21132	130.4943972	47.00491704	30.1300315	9.42243274	1.725714553
2040.49438	130.494473	47.00499391	30.1591832	9.372479366	1.68783644
2040.776262	130.4945488	47.00507079	30.18939746	9.316397405	1.601787792
2041.055795	130.4946247	47.00514765	30.22037238	9.254895824	1.469460076
2041.332118	130.4947005	47.00522451	30.25196018	9.189223622	1.282507725
2041.605085	130.4947764	47.00530137	30.28402918	9.121584778	1.028945639
2041.873253	130.4948523	47.00537823	30.31592133	9.052427162	0.717205965
2042.1353	130.4949283	47.00545508	30.34689013	8.98234318	0.357044563
2042.39009	130.4950042	47.00553194	30.37616487	8.912094018	-0.04286085
2042.63613	130.4950801	47.0056088	30.40295982	8.841900537	-0.474828142
2042.871958	130.495156	47.00568567	30.42649564	8.77195767	-0.932093009
2043.096145	130.495232	47.00576255	30.446012	8.702437665	-1.408737628
2043.30729	130.4953078	47.00583944	30.46077873	8.633488379	-1.899623865
2043.504026	130.4953837	47.00591635	30.47010563	8.565232408	-2.400330464
2043.685018	130.4954595	47.00599328	30.47333419	8.497766174	-2.906242848
2043.850353	130.4955352	47.00607022	30.46905349	8.43301223	-3.376876518
2044.005017	130.495611	47.0061472	30.45420442	8.378997238	-3.700558866
2044.152735	130.4956866	47.00622419	30.42703739	8.341345941	-3.812994682
2044.293904	130.4957622	47.00630122	30.38787059	8.320659033	-3.718683352
2044.428596	130.4958378	47.00637826	30.33785143	8.316446802	-3.43962393
2044.557389	130.4959133	47.00645534	30.27850466	8.328222794	-2.998422074
2044.671122	130.4959824	47.00652601	30.21750603	8.352639741	-2.472577715
2044.791737	130.4960579	47.00660312	30.14570394	8.393644897	-1.787530852
2044.910325	130.4961333	47.00668024	30.07059161	8.449082469	-1.006083453
2045.028703	130.4962087	47.00675737	29.99451986	8.518314779	-0.14662584
2045.148816	130.4962842	47.0068345	29.91990994	8.600638564	0.774365116
2045.272184	130.4963597	47.00691163	29.84927607	8.694571016	1.737868808
2045.397149	130.4964352	47.00698874	29.78539948	8.794259392	2.701879924
2045.523096	130.4965108	47.00706584	29.73055439	8.89550388	3.640574689
2045.649901	130.4965865	47.0071429	29.6866059	8.994977211	4.537413954
2045.775221	130.4966623	47.00721993	29.65506173	9.086743648	5.36899313
2045.896696	130.4967382	47.00729693	29.63680939	9.165444715	6.126187239
2046.012106	130.4968142	47.00737387	29.63243902	9.226569289	6.800462563
2046.120159	130.4968904	47.00745077	29.64241027	9.267636687	7.38449477
2046.220322	130.4969667	47.00752761	29.6669548	9.287914851	7.879044899
2046.311909	130.4970432	47.00760439	29.70613963	9.287151868	8.283997164
2046.393494	130.4971198	47.00768112	29.7597043	9.264712294	8.600885992
2046.463343	130.4971966	47.00775778	29.82713639	9.220162862	8.833896651
2046.519413	130.4972735	47.00783438	29.90776013	9.153187565	8.985633562
2046.55929	130.4973506	47.00791092	30.00067439	9.063543094	9.060929577
2046.580667	130.4974278	47.00798739	30.10490304	8.951622402	9.064983582
2046.580064	130.4975052	47.0080638	30.21916616	8.816732147	9.002077177
2046.55417	130.4975828	47.00814014	30.34215985	8.658932851	8.877692908
2046.49962	130.4976605	47.00821643	30.47251791	8.478724378	8.699152759
2046.413118	130.4977383	47.00829265	30.60893865	8.277158642	8.47124043
2046.291174	130.4978162	47.00836881	30.75014748	8.055447423	8.195958961
2046.130127	130.4978943	47.00844492	30.89480853	7.814983727	7.877949359
2045.926159	130.4979725	47.00852098	31.04151523	7.557319717	7.525670992
2045.675418	130.4980508	47.00859699	31.18888543	7.284259349	7.148104347
2045.373671	130.4981292	47.00867295	31.33552813	6.997329028	6.753817177
2045.016689	130.4982077	47.00874887	31.48013018	6.698271574	6.350692079
2044.600829	130.4982862	47.00882474	31.62145786	6.389760578	5.950489268
2044.123468	130.4983648	47.00890059	31.75830149	6.075943642	5.57409222
2043.585517	130.4984435	47.0089764	31.88966694	5.765581981	5.256951837
2042.985414	130.4985223	47.00905218	32.01466419	5.463464664	5.012876545
2042.318893	130.4986012	47.00912793	32.13263742	5.170220597	4.831533542
2041.583096	130.4986801	47.00920366	32.24370703	4.887823516	4.677494508
2040.781261	130.498759	47.00927937	32.34830999	4.62581594	4.537538288
2039.91616	130.4988381	47.00935507	32.44643626	4.392009393	4.417753759
2038.987642	130.4989172	47.00943075	32.53785334	4.189154643	4.319723237
2037.995961	130.4989963	47.00950642	32.62248911	4.019322252	4.239888317
2036.942353	130.4990755	47.00958207	32.70044121	3.884609768	4.171679929
2035.827721	130.4991548	47.00965772	32.77169186	3.78539678	4.112987737
2034.654669	130.4992342	47.00973337	32.83646307	3.723157015	4.058149584
2033.429755	130.4993137	47.009809	32.89559003	3.703355555	3.987984202
2032.052525	130.4993998	47.00989094	32.95390428	3.735327935	3.8880114
2030.740362	130.4994794	47.00996657	33.00241909	3.814760063	3.782634811
2029.392872	130.4995591	47.0100422	33.04563361	3.939378075	3.673149528
2028.013628	130.4996389	47.01011783	33.08341968	4.104862619	3.561621335
2026.603417	130.4997187	47.01019345	33.11546327	4.301996861	3.446857852
2025.160389	130.4997986	47.01026907	33.14142508	4.517477753	3.319093451
2023.686764	130.4998786	47.01034469	33.16129134	4.743348079	3.170534291
2022.186103	130.4999587	47.0104203	33.17518703	4.973519805	2.992694588
2020.662859	130.5000388	47.01049591	33.18338045	5.203463698	2.773436631
2019.121515	130.500119	47.01057152	33.18610815	5.429159346	2.501920644
2017.566395	130.5001993	47.01064713	33.18351794	5.647041881	2.170541053
2016.00231	130.5002796	47.01072274	33.17566106	5.854955073	1.777093361
2014.434514	130.50036	47.01079836	33.16247711	6.05213317	1.324534268
2012.867982	130.5004404	47.01087398	33.14380317	6.238212644	0.818400262
2011.307179	130.5005208	47.01094962	33.1194583	6.41291683	0.261999762
2009.756059	130.5006013	47.01102527	33.08922402	6.576048731	-0.342566843
2008.218072	130.5006818	47.01110095	33.05273275	6.727484288	-0.988230302
2006.696172	130.5007623	47.01117665	33.00957411	6.867164012	-1.667732303
2005.192833	130.5008427	47.01125238	32.95929755	6.995084174	-2.373112995
2003.709767	130.5009232	47.01132814	32.90128654	7.110854052	-3.087082934
2002.246912	130.5010035	47.01140395	32.83479768	7.212289209	-3.777786095
2000.80419	130.5010839	47.01147979	32.75951238	7.297910017	-4.430212689
1999.381001	130.5011642	47.01155568	32.67522091	7.366153564	-5.027063008
1997.976088	130.5012443	47.01163161	32.58182625	7.415258364	-5.546928327
1996.589109	130.5013244	47.0117076	32.47971819	7.445431712	-5.993697677
1995.218918	130.5014045	47.01178364	32.36947448	7.456395922	-6.371490383
1993.864025	130.5014844	47.01185973	32.25168188	7.447991216	-6.678842491
1992.523104	130.5015641	47.01193587	32.12697101	7.420827368	-6.914815467
1991.194787	130.5016438	47.01201206	31.99595124	7.375909619	-7.074146313
1989.877311	130.5017234	47.01208831	31.85948882	7.314141893	-7.158672847
1988.568585	130.5018028	47.01216461	31.71862323	7.236380596	-7.174088935
1987.266484	130.5018821	47.01224095	31.57448884	7.14377238	-7.12907409
1985.968691	130.5019613	47.01231735	31.42816991	7.037461301	-7.027034759
1984.673092	130.5020404	47.01239378	31.28052315	6.91908132	-6.860737764
1983.378885	130.5021194	47.01247026	31.1320151	6.792150861	-6.612204107
1982.085521	130.5021982	47.01254678	30.98346103	6.660617274	-6.279835549
1980.791513	130.502277	47.01262334	30.83608664	6.527062822	-5.871006569
1979.494162	130.5023557	47.01269993	30.69150945	6.392360363	-5.401077172
1978.190433	130.5024343	47.01277655	30.55168516	6.256831579	-4.900110989
1976.876269	130.5025128	47.01285319	30.41879256	6.119325238	-4.406429315
1975.548187	130.5025913	47.01292986	30.29439029	5.979370998	-3.936663734
1974.202788	130.5026697	47.01300654	30.17973343	5.836552809	-3.500402553
1972.836443	130.502748	47.01308324	30.07584871	5.6901814	-3.103346126
1971.446297	130.5028263	47.01315994	29.98341144	5.54061258	-2.745344702
1970.029648	130.5029046	47.01323666	29.90288715	5.388379431	-2.424331563
1968.705557	130.5029763	47.01330699	29.83978964	5.247054528	-2.160199164
1967.2335	130.5030545	47.01338371	29.7825704	5.095074797	-1.897822861
1965.734848	130.5031327	47.01346044	29.73728565	4.951970359	-1.658320525
1964.212208	130.5032109	47.01353718	29.70378077	4.82450799	-1.442784031
1962.667114	130.503289	47.01361392	29.68188916	4.717146855	-1.252681196
1961.098257	130.5033672	47.01369067	29.67138448	4.629723549	-1.085937051
1959.505042	130.5034453	47.01376742	29.67196399	4.562280737	-0.942789279
1957.88894	130.5035234	47.01384419	29.6832639	4.516820122	-0.82781447
1956.25092	130.5036015	47.01392096	29.70474053	4.493793286	-0.740480436
1954.591042	130.5036796	47.01399774	29.73569612	4.491628747	-0.676066746
1952.909232	130.5037578	47.01407453	29.77535366	4.507912013	-0.629773866
1951.208105	130.5038359	47.01415133	29.82284563	4.543362195	-0.597524797
1949.495121	130.503914	47.01422814	29.87723251	4.604469808	-0.577223794
1947.773604	130.503992	47.01430497	29.93757662	4.691293153	-0.565165302
1946.045375	130.5040701	47.01438182	30.00292906	4.801147794	-0.55682613
1944.311032	130.5041482	47.01445867	30.07235599	4.929116698	-0.547633863
1942.571161	130.5042263	47.01453555	30.14492632	5.069870316	-0.532419989
1940.826055	130.5043044	47.01461243	30.21971036	5.217516697	-0.504295684
1939.07611	130.5043825	47.01468933	30.29590516	5.36637669	-0.460793723
1937.324123	130.5044605	47.01476624	30.37278541	5.51432709	-0.402608027
1935.576366	130.5045386	47.01484317	30.44964854	5.664230301	-0.330586333
1933.839187	130.5046166	47.0149201	30.52581776	5.81909024	-0.243235804
1932.115677	130.5046947	47.01499706	30.6007019	5.977572909	-0.138181681
1930.406082	130.5047728	47.01507402	30.67386092	6.134623417	-0.0165304
1928.708194	130.5048508	47.01515099	30.74530961	6.282254562	0.099117099
1927.021111	130.5049289	47.01522797	30.8150822	6.414923838	0.184005391
1925.346161	130.5050069	47.01530495	30.88278901	6.530866197	0.234697566
1923.684713	130.505085	47.01538194	30.94796511	6.629121068	0.251944499
1922.037924	130.5051631	47.01545893	31.01012286	6.709283292	0.23837921
1920.406412	130.5052411	47.01553593	31.06877512	6.770967961	0.197588989
1918.789866	130.5053192	47.01561292	31.12346993	6.813346448	0.132568644
1917.187938	130.5053972	47.01568992	31.17378765	6.836270839	0.046424309
1915.596529	130.5054753	47.01576692	31.21948387	6.835177505	-0.065062634
1914.007986	130.5055533	47.01584391	31.26039559	6.801778473	-0.207712469
1912.417532	130.5056314	47.0159209	31.29626563	6.732907747	-0.37960122
1910.822125	130.5057094	47.01599789	31.32685533	6.628936306	-0.577629158
1909.218946	130.5057874	47.01607487	31.35194261	6.491631424	-0.797710217
1907.604121	130.5058653	47.01615185	31.37141981	6.322349032	-1.03917782
1905.97356	130.5059433	47.01622882	31.38523232	6.123082905	-1.30242777
1904.326234	130.5060212	47.01630579	31.39333795	5.900835569	-1.592898367
1902.663978	130.506099	47.01638276	31.39542857	5.666736904	-1.909507038
1900.987735	130.5061768	47.01645973	31.39091865	5.43065947	-2.239381172
1899.296069	130.5062546	47.01653671	31.37930449	5.198846514	-2.570377026
1897.586694	130.5063323	47.0166137	31.36012833	4.975838755	-2.890020876
1895.711088	130.5064164	47.01669711	31.33057349	4.747055248	-3.216485243
1893.955658	130.506494	47.01677413	31.29491845	4.551361525	-3.491642272
1892.176748	130.5065716	47.01685116	31.2508716	4.375394144	-3.730980058
1890.373971	130.5066491	47.01692822	31.19830504	4.222690183	-3.928578887
1888.545518	130.5067265	47.0170053	31.13751878	4.093808552	-4.086313357
1886.689785	130.5068039	47.01708241	31.06899068	3.9885433	-4.2078624
1884.80606	130.5068812	47.01715954	30.99326237	3.906886746	-4.296779758
1882.899054	130.5069584	47.01723672	30.91046671	3.855337045	-4.357585917
1880.977803	130.5070356	47.01731393	30.82040177	3.844710052	-4.392518924
1879.049529	130.5071127	47.01739118	30.72301998	3.881882034	-4.394138703
1877.118175	130.5071898	47.01746847	30.61899653	3.967561834	-4.364202429
1875.186523	130.5072668	47.01754582	30.5093957	4.099405988	-4.309251201
1873.258355	130.5073438	47.0176232	30.39531521	4.27496685	-4.235184213
1871.338158	130.5074207	47.01770064	30.27788147	4.491459059	-4.147217299
1869.431394	130.5074976	47.01777812	30.15819101	4.74630317	-4.049936224
1867.544074	130.5075744	47.01785564	30.03732791	5.03666833	-3.947336287
1865.681116	130.5076511	47.0179332	29.91652289	5.357414697	-3.844566239
1863.846088	130.5077278	47.01801081	29.79715275	5.701062286	-3.749565938
1862.044559	130.5078045	47.01808845	29.68025166	6.062623477	-3.665783555
1860.282335	130.5078811	47.01816614	29.56671888	6.437272128	-3.594856596
1858.562229	130.5079576	47.01824385	29.4576508	6.816229251	-3.540456506
1856.886763	130.5080341	47.0183216	29.35402743	7.190916307	-3.506609202
1855.258434	130.5081105	47.01839938	29.25649873	7.55342827	-3.487523802
1853.680736	130.5081868	47.01847719	29.16553736	7.898316815	-3.479972706
1852.158379	130.5082631	47.01855502	29.08141514	8.222983703	-3.483258996
1850.696292	130.5083393	47.01863288	29.00423658	8.526327545	-3.496551483
1849.298612	130.5084155	47.01871076	28.93402517	8.807385222	-3.518857243
1847.968463	130.5084916	47.01878866	28.87074774	9.065019771	-3.549051972
1846.708409	130.5085675	47.01886659	28.81428217	9.298530521	-3.585917431
1845.520376	130.5086434	47.01894453	28.76443302	9.507490521	-3.628151367
1844.405448	130.5087193	47.0190225	28.72094509	9.69145622	-3.673786405
1843.364566	130.508795	47.01910048	28.68347429	9.850869196	-3.72131412
1842.398321	130.5088706	47.01917847	28.65161431	9.986684516	-3.769579105
1841.506725	130.5089462	47.01925648	28.62490822	10.09997205	-3.816726728
1840.69007	130.5090216	47.01933451	28.60247615	10.19297438	-3.843991596
1839.947998	130.509097	47.01941254	28.58349983	10.2677062	-3.833133436
1839.278796	130.5091722	47.01949059	28.56771463	10.32503493	-3.787598291
1838.679866	130.5092473	47.01956864	28.55502891	10.36518293	-3.715348634
1838.148735	130.5093224	47.01964669	28.54533785	10.38902919	-3.624508148
1837.682602	130.5093973	47.01972475	28.53846852	10.39742839	-3.518610206
1837.278609	130.5094721	47.0198028	28.53425199	10.39152481	-3.401415786
1836.933674	130.5095469	47.01988085	28.53252468	10.37246405	-3.276234146
1836.6445	130.5096215	47.0199589	28.53310086	10.34133746	-3.144501061
1836.407416	130.5096961	47.02003693	28.53584077	10.29892787	-3.008589665
1836.218797	130.5097705	47.02011495	28.54058241	10.24623069	-2.870001464
1836.074991	130.5098449	47.02019296	28.54714056	10.18430875	-2.728893354
1835.975142	130.5099192	47.02027095	28.55515071	10.11819807	-2.58543552
1835.922975	130.5099934	47.02034893	28.56401244	10.05869546	-2.439823277
1835.915791	130.5100675	47.02042689	28.57359084	10.00734796	-2.29217266
1835.950241	130.5101415	47.02050482	28.58383143	9.964339939	-2.142982104
1836.024986	130.5102155	47.02058274	28.59471298	9.932111712	-1.998356347
1836.130963	130.5102832	47.02065414	28.60515407	9.917851525	-1.877582021
1836.287421	130.510357	47.02073202	28.61692525	9.921404034	-1.758857384
1836.485757	130.5104308	47.02080987	28.62896633	9.945681736	-1.651668323
1836.725167	130.5105045	47.0208877	28.64116613	9.990588933	-1.554124715
1837.004815	130.5105781	47.02096551	28.65343269	10.0551775	-1.464596491
1837.323316	130.5106517	47.02104329	28.66573159	10.13702115	-1.382890502
1837.679669	130.5107252	47.02112104	28.67800467	10.23363053	-1.308113375
1838.073927	130.5107987	47.02119878	28.69015546	10.34346679	-1.238913527
1838.506647	130.5108721	47.02127648	28.70208487	10.46521519	-1.174124784
1838.977824	130.5109454	47.02135416	28.71371354	10.59645435	-1.112253799
1839.486634	130.5110187	47.02143182	28.72495692	10.73343203	-1.049893689
1840.03313	130.511092	47.02150944	28.73574982	10.87353572	-0.985181594
1840.618643	130.5111652	47.02158704	28.74604687	11.0158649	-0.918115767
1841.244853	130.5112384	47.02166462	28.75581344	11.16001985	-0.848794138
1841.913418	130.5113115	47.02174216	28.76503198	11.30561176	-0.777293123
1842.625279	130.5113846	47.02181968	28.77370236	11.45132544	-0.703037623
1843.380818	130.5114576	47.02189717	28.78184601	11.5952284	-0.625346312
1844.180805	130.5115306	47.02197463	28.7894833	11.73609509	-0.543137552
1845.026456	130.5116036	47.02205207	28.79667146	11.8735204	-0.456767165
1845.918767	130.5116766	47.02212947	28.80349156	12.00699188	-0.366961658
1846.858344	130.5117495	47.02220684	28.810039	12.13571963	-0.274409566
1847.845691	130.5118223	47.02228418	28.81641717	12.25901962	-0.179759391
1848.881211	130.5118952	47.0223615	28.8227352	12.37632782	-0.083616866
1849.964573	130.511968	47.02243878	28.82910957	12.48635353	0.013320258
1851.095013	130.5120408	47.02251603	28.83568328	12.5875485	0.108925693
1852.271518	130.5121136	47.02259324	28.84258845	12.67837191	0.201172987
1853.491901	130.5121864	47.02267043	28.84995373	12.75609126	0.287289898
1854.753786	130.5122591	47.02274758	28.85785972	12.81824114	0.365888415
1856.055013	130.5123319	47.02282469	28.86633325	12.86319754	0.437466959
1857.393326	130.5124046	47.02290178	28.8753845	12.88981575	0.502668722
1858.766701	130.5124773	47.02297883	28.88502878	12.89785652	0.561488238
1860.17247	130.51255	47.02305584	28.89526185	12.8867905	0.614074072
1861.607325	130.5126227	47.02313282	28.90606928	12.85580586	0.660230373
1863.068053	130.5126954	47.02320977	28.91742552	12.80480969	0.70004439
1864.551758	130.5127681	47.02328668	28.92929198	12.73468982	0.734297465
1866.055351	130.5128408	47.02336356	28.94162443	12.64653832	0.763749331
1867.575457	130.5129135	47.02344041	28.95437332	12.54148028	0.789098238
1869.108572	130.5129862	47.02351722	28.96748709	12.42081598	0.810984008
1870.650969	130.5130588	47.02359399	28.98091069	12.28581906	0.829989639
1872.198735	130.5131315	47.02367074	28.99458673	12.13773105	0.846643544
1873.747815	130.5132042	47.02374745	29.0084565	11.97775665	0.861421777
1875.294047	130.5132768	47.02382413	29.0224606	11.80705974	0.874770758
1876.833268	130.5133495	47.02390078	29.036524	11.62686444	0.887998719
1878.361774	130.5134222	47.0239774	29.05054903	11.43902388	0.904197006
1880.00198	130.5135009	47.02406037	29.06560507	11.22990493	0.928863825
1881.498613	130.5135735	47.02413693	29.07937302	11.03477235	0.958372348
1882.976268	130.5136462	47.02421347	29.09305381	10.84104014	0.993615376
1884.43337	130.5137189	47.02428998	29.1067166	10.65248197	1.033397294
1885.86834	130.5137916	47.02436647	29.12048164	10.47234108	1.074162808
1887.278964	130.5138643	47.02444294	29.13445267	10.30243933	1.112286346
1888.664321	130.513937	47.02451939	29.1487725	10.14573461	1.143376474
1890.024398	130.5140097	47.02459583	29.16351468	10.00564529	1.166819287
1891.357664	130.5140824	47.02467224	29.17864494	9.882770004	1.184222071
1892.662361	130.5141552	47.02474865	29.19411505	9.776675876	1.196484929
1893.937206	130.514228	47.02482504	29.2098724	9.686864675	1.204397614
1895.181493	130.5143008	47.02490142	29.22586538	9.61296991	1.208656885
1896.397664	130.5143736	47.0249778	29.2421146	9.5582756	1.210170132
1897.589155	130.5144464	47.02505417	29.25863218	9.526545935	1.210830703
1898.759325	130.5145193	47.02513053	29.27544416	9.520730611	1.211079923
1899.91238	130.5145922	47.02520689	29.29258812	9.543923057	1.211112942
1901.050149	130.5146651	47.02528325	29.31001838	9.595128968	1.211076901
1902.174761	130.514738	47.02535961	29.32768429	9.672918507	1.211088031
1903.289181	130.514811	47.02543597	29.34554995	9.776219296	1.211102471
1904.397223	130.5148841	47.02551232	29.36361496	9.904360498	1.209840589
1905.502583	130.5149571	47.02558868	29.38183903	10.05587555	1.20720546
1906.60935	130.5150302	47.02566504	29.40017478	10.22925023	1.203453303
1907.721985	130.5151033	47.02574141	29.41857703	10.42297886	1.198801978
1908.84499	130.5151765	47.02581777	29.43699455	10.63516674	1.19343371
1909.981746	130.5152497	47.02589414	29.45533891	10.86205551	1.187492738
1911.132392	130.5153229	47.02597052	29.47340141	11.09531358	1.182465172
1912.29628	130.5153962	47.0260469	29.49096781	11.32579015	1.17961191
1913.47555	130.5154695	47.02612328	29.50796528	11.54856813	1.177844203
1914.674172	130.5155428	47.02619967	29.5244043	11.76180427	1.175196936
1915.896136	130.5156162	47.02627607	29.54027288	11.96432704	1.171575627
1917.144307	130.5156896	47.02635247	29.55551976	12.15415936	1.16809949
1918.421507	130.5157631	47.02642888	29.57011926	12.33001728	1.165535329
1919.730104	130.5158366	47.0265053	29.58406275	12.49078016	1.164139618
1921.072175	130.5159101	47.02658172	29.59733461	12.63570908	1.165172452
1922.449375	130.5159837	47.02665815	29.60993936	12.76427607	1.169417295
1923.86308	130.5160574	47.02673458	29.62189798	12.87634654	1.177583663
1925.313807	130.516131	47.02681101	29.63323461	12.9713481	1.190122082
1926.800913	130.5162047	47.02688745	29.64396366	13.04786572	1.207391151
1928.322745	130.5162785	47.02696388	29.65409983	13.10388894	1.229374908
1929.877397	130.5163522	47.02704032	29.66370275	13.13786799	1.254448841
1931.462278	130.516426	47.02711675	29.6728492	13.14815338	1.279948872
1933.075043	130.5164999	47.02719317	29.68161236	13.13428993	1.304536621
1934.713311	130.5165738	47.0272696	29.69006866	13.0965887	1.327351973
1936.374782	130.5166477	47.02734601	29.69829599	13.03622769	1.348221649
1938.056795	130.5167216	47.02742242	29.70636677	12.95456051	1.367191331
1939.756261	130.5167956	47.02749881	29.7143476	12.85294262	1.38432392
1941.326481	130.5168634	47.02756883	29.72163752	12.7434104	1.398393191
1943.049125	130.5169375	47.0276452	29.72968366	12.60685802	1.407874262
1944.777699	130.5170115	47.02772156	29.73822839	12.45345981	1.39266483
1946.508678	130.5170856	47.02779791	29.74776505	12.28552723	1.329548402
1948.238771	130.5171597	47.02787424	29.75845213	12.10585529	1.209730772
1949.964331	130.5172338	47.02795056	29.77019161	11.91684705	1.033155493
1951.681576	130.517308	47.02802686	29.78273367	11.72068908	0.803438375
1953.386561	130.5173821	47.02810316	29.79569957	11.51928265	0.526860875
1955.077728	130.5174563	47.02817945	29.80868924	11.31761593	0.208852751
1956.757063	130.5175304	47.02825573	29.82112993	11.12498489	-0.140369966
1958.425169	130.5176046	47.02833202	29.8323453	10.94811969	-0.5124021
1960.083713	130.5176787	47.0284083	29.84155194	10.79429909	-0.8994568
1961.733102	130.5177529	47.02848459	29.84795562	10.66795493	-1.296379298
1963.3737	130.517827	47.02856089	29.85071949	10.57233923	-1.698063624
1965.006993	130.517901	47.0286372	29.84895822	10.51093677	-2.099385298
1966.635961	130.5179751	47.02871353	29.84167767	10.4879195	-2.492907922
1968.263152	130.5180491	47.02878988	29.82796457	10.50540175	-2.8718423
1969.889552	130.518123	47.02886626	29.80722051	10.5620443	-3.235752118
1971.517058	130.5181969	47.02894266	29.77885244	10.65644868	-3.581013876
1973.146897	130.5182708	47.0290191	29.74223197	10.78500394	-3.890208775
1974.778676	130.5183445	47.02909557	29.69715228	10.9409505	-4.148036522
1976.412577	130.5184182	47.02917207	29.64374303	11.11754367	-4.345277685
1978.049776	130.5184919	47.02924861	29.58233491	11.30891818	-4.475317654
1979.693961	130.5185655	47.02932519	29.51327628	11.51229521	-4.534707648
1981.350018	130.5186389	47.02940181	29.43703935	11.72633085	-4.52318761
1983.023979	130.5187124	47.02947847	29.35412182	11.95110335	-4.439073371
1984.722356	130.5187857	47.02955518	29.2652223	12.18721368	-4.2843371
1986.451715	130.518859	47.02963192	29.17130054	12.43522533	-4.065787752
1988.218571	130.5189322	47.0297087	29.0735039	12.69550355	-3.791633231
1990.029442	130.5190054	47.02978552	28.97314308	12.96829442	-3.471691703
1991.890039	130.5190785	47.02986237	28.87169413	13.25264192	-3.115460102
1993.805952	130.5191516	47.02993925	28.77070305	13.54737655	-2.732527612
1995.782046	130.5192246	47.03001616	28.67179007	13.85034713	-2.332840035
1997.822947	130.5192976	47.0300931	28.5765391	14.15919049	-1.925207993
1999.932062	130.5193706	47.03017006	28.48658109	14.47006807	-1.521524541
2002.11106	130.5194436	47.03024703	28.40347562	14.77713925	-1.133615225
2004.361975	130.5195165	47.03032402	28.32842119	15.07564572	-0.765106446
2006.686916	130.5195895	47.03040102	28.26240023	15.36163186	-0.417942936
2009.087495	130.5196625	47.03047803	28.2062482	15.6313331	-0.095258056
2011.565809	130.5197355	47.03055504	28.16059875	15.88263288	0.200991038
2014.124163	130.5198085	47.03063205	28.12591613	16.11468947	0.469406915
2016.764675	130.5198815	47.03070905	28.10252593	16.32741288	0.708215969
2019.48923	130.5199546	47.03078605	28.09054356	16.52133308	0.919161618
2022.29912	130.5200277	47.03086304	28.08990937	16.69704664	1.106018408
2025.439677	130.5201069	47.03094642	28.10151726	16.86673608	1.299825041
2028.426565	130.52018	47.03102337	28.1228604	17.00320601	1.495010221
2031.49703	130.5202532	47.0311003	28.15382755	17.12054693	1.722865732
2034.650098	130.5203265	47.03117719	28.19398162	17.21950199	1.994000233
2037.883402	130.5203997	47.03125406	28.24306815	17.29958866	2.30796216
2041.192761	130.5204731	47.03133089	28.3007949	17.35854669	2.661715577
2044.574035	130.5205464	47.03140767	28.36692051	17.39494626	3.049506217
2048.022629	130.5206199	47.03148442	28.44121012	17.40748292	3.46310473
2051.533839	130.5206934	47.03156111	28.52341143	17.39548809	3.894179189
2055.10375	130.5207669	47.03163775	28.61324004	17.36012007	4.339618592
2058.728271	130.5208405	47.03171433	28.71039141	17.30291616	4.797508765
2062.402906	130.5209143	47.03179084	28.81453647	17.22539585	5.266292336
2066.12283	130.5209881	47.03186729	28.9253253	17.12905384	5.744684246
2069.882948	130.521062	47.03194367	29.0424135	17.01535108	6.230461532
2073.677955	130.521136	47.03201997	29.1654221	16.88571213	6.722502779
2077.502127	130.5212101	47.0320962	29.2938992	16.74115597	7.220489855
2081.34927	130.5212843	47.03217234	29.42734186	16.58219868	7.723012079
2085.213124	130.5213586	47.0322484	29.56531729	16.40929794	8.223894179
2089.086424	130.5214331	47.03232438	29.70740204	16.22154993	8.70537056
2092.961326	130.5215077	47.03240028	29.8533376	16.01717369	9.131402127
2096.829385	130.5215824	47.03247609	30.00278329	15.79361308	9.458353253
2100.683803	130.5216573	47.03255183	30.15496164	15.55084135	9.678717664
2104.518763	130.5217323	47.03262749	30.30881422	15.29034807	9.807325151
2108.32851	130.5218074	47.03270307	30.46327845	15.01372179	9.857561583
2112.107463	130.5218827	47.03277857	30.61749071	14.72272758	9.833353918
2115.85071	130.5219581	47.03285401	30.77077091	14.4199624	9.73645489
2119.554015	130.5220336	47.03292937	30.92250127	14.10880796	9.572161495
2123.212864	130.5221093	47.03300468	31.07189946	13.79205201	9.348605613
2126.822373	130.5221851	47.03307992	31.21802	13.47171409	9.075901074
2130.377979	130.522261	47.03315511	31.36000904	13.14993053	8.761884435
2133.875611	130.522337	47.03323026	31.49707343	12.82913596	8.4155443
2137.311588	130.5224132	47.03330536	31.62849089	12.51189223	8.045297689
2140.682866	130.5224894	47.03338043	31.75359087	12.2011681	7.662273423
2143.987183	130.5225658	47.03345546	31.87187503	11.90046113	7.275025164
2147.224826	130.5226422	47.03353047	31.98332214	11.615988	6.888400076
2150.395796	130.5227188	47.03360545	32.08782205	11.35268168	6.504590902
2153.499945	130.5227955	47.03368041	32.18524762	11.11434617	6.121298193
2156.536802	130.5228722	47.03375536	32.27533713	10.90328542	5.736851929
2159.505825	130.5229491	47.03383029	32.35770461	10.72069179	5.352610973
2162.407324	130.523026	47.03390522	32.43203777	10.56780589	4.969766945
2165.241609	130.523103	47.03398015	32.49798207	10.44481149	4.589988178
2168.009103	130.5231801	47.03405507	32.55519679	10.35101642	4.214348756
2170.710454	130.5232573	47.03413	32.60340974	10.28506919	3.842038637
2173.346315	130.5233346	47.03420493	32.6425615	10.24474508	3.462466869
2175.919012	130.5234119	47.03427988	32.67270571	10.2293317	3.067229221
2178.432109	130.5234893	47.03435484	32.6938008	10.23903378	2.656984503
2180.888983	130.5235668	47.03442981	32.7057453	10.27313854	2.233778297
2183.293033	130.5236443	47.0345048	32.70844502	10.33033084	1.799274177
2185.648183	130.5237219	47.0345798	32.70184452	10.40944311	1.354832461
2187.958989	130.5237995	47.03465483	32.68590456	10.50964168	0.90270179
2190.230417	130.5238772	47.03472989	32.66059083	10.63018677	0.445883568
2192.282533	130.5239484	47.03479871	32.6291413	10.75801367	0.025393791
2194.493975	130.5240262	47.03487382	32.58583061	10.9161561	-0.432098902
2196.682982	130.524104	47.03494897	32.53314962	11.0935105	-0.88602301
2198.855398	130.5241817	47.03502414	32.47117918	11.2890345	-1.335734331
2201.016889	130.5242595	47.03509936	32.40003962	11.50116632	-1.780889187
2203.173258	130.5243373	47.03517462	32.31986539	11.72830398	-2.22030097
2205.330021	130.5244151	47.03524992	32.2308181	11.96829038	-2.651271387
2207.492703	130.5244929	47.03532527	32.13315623	12.21892255	-3.073748162
2209.666915	130.5245706	47.03540067	32.02717712	12.47811084	-3.487769385
2211.858468	130.5246484	47.03547612	31.91319931	12.74413227	-3.893728395
2214.072813	130.524726	47.03555163	31.79157411	13.01490442	-4.290693199
2216.315435	130.5248037	47.0356272	31.66268305	13.28861972	-4.678418039
2218.591426	130.5248812	47.03570283	31.52694519	13.56321068	-5.055611148
2220.905562	130.5249587	47.03577852	31.38482943	13.83653347	-5.421036594
2223.263066	130.5250361	47.03585428	31.23678698	14.1074772	-5.77558895
2225.668413	130.5251134	47.03593011	31.08329346	14.37430299	-6.116731008
2228.121376	130.5251907	47.03600601	30.92494811	14.62916307	-6.409691059
2230.618998	130.5252678	47.03608198	30.76272545	14.86130645	-6.608556719
2233.160646	130.5253449	47.03615802	30.59806964	15.06436182	-6.702773937
2235.745656	130.5254218	47.03623414	30.43282491	15.23324657	-6.700996872
2238.37172	130.5254986	47.03631032	30.26918578	15.36222203	-6.620733651
2241.037755	130.5255754	47.03638657	30.10894327	15.44892734	-6.478526699
2243.742846	130.525652	47.03646288	29.95357287	15.49294189	-6.287426504
2246.485499	130.5257286	47.03653925	29.80436059	15.49474077	-6.057999118
2249.263273	130.525805	47.03661568	29.66246014	15.45513559	-5.798739506
2252.073269	130.5258814	47.03669216	29.52882458	15.37582741	-5.51631367
2254.911978	130.5259577	47.03676868	29.40428013	15.2590565	-5.217626413
2257.77506	130.5260339	47.03684524	29.28954278	15.10716235	-4.908774998
2260.657517	130.52611	47.03692183	29.18524859	14.9226443	-4.597219719
2263.55397	130.526186	47.03699845	29.09202909	14.70838313	-4.296775986
2265.97444	130.5262493	47.03706231	29.02317883	14.50960153	-4.0660659
2269.365906	130.5263379	47.03715174	28.94057703	14.20343612	-3.779043194
2272.267803	130.5264137	47.03722841	28.88263472	13.91739389	-3.565893027
2275.157188	130.5264895	47.03730508	28.8364551	13.61158182	-3.380647053
2278.026462	130.5265652	47.03738177	28.80180733	13.28784668	-3.220618513
2280.867934	130.5266408	47.03745846	28.77835	12.94798832	-3.083021116
2283.674311	130.5267164	47.03753516	28.76556521	12.59434451	-2.962768047
2286.439036	130.526792	47.03761187	28.76269195	12.23009723	-2.849275025
2289.155789	130.5268675	47.03768858	28.76897162	11.85855822	-2.735731426
