1990.742201	130.4890532	46.99946568	29.99843952	10.97596389	-0.158272237
1990.742201	130.4890532	46.99946568	29.99845371	11.00354248	-0.158213278
1990.742201	130.4890532	46.99946568	29.99846791	11.03127294	-0.158154651
1990.742201	130.4890532	46.99946568	29.99848213	11.05915633	-0.158096353
1990.742201	130.4890532	46.99946568	29.99849634	11.08719363	-0.158038381
1990.742201	130.4890532	46.99946568	29.99851056	11.11538581	-0.157980731
1990.742201	130.4890532	46.99946568	29.99852476	11.14373379	-0.1579234
1990.742201	130.4890532	46.99946568	29.99853895	11.17223846	-0.157866385
1990.742201	130.4890532	46.99946568	29.99855312	11.20090066	-0.157809685
1990.742201	130.4890532	46.99946568	29.99857866	11.22903869	-0.158238121
1990.742201	130.4890532	46.99946568	29.99896182	11.24851096	-0.175926829
1990.742201	130.4890532	46.99946568	30.00025149	11.2489275	-0.239678783
1990.742201	130.4890532	46.99946568	30.00238804	11.22804554	-0.351437455
1990.742201	130.4890532	46.99946568	30.00502902	11.18707982	-0.501868048
1990.742201	130.4890532	46.99946568	30.00755265	11.12910669	-0.669969109
1990.742201	130.4890532	46.99946568	30.009577	11.05587134	-0.847289606
1990.742201	130.4890532	46.99946568	30.01077117	10.96905184	-1.028304173
1990.742201	130.4890532	46.99946568	30.01067202	10.87023462	-1.200671189
1990.742201	130.4890532	46.99946568	30.00872231	10.76128817	-1.346415033
1990.742201	130.4890532	46.99946568	30.00473878	10.64320306	-1.463490611
1990.742201	130.4890532	46.99946568	29.99857959	10.51742363	-1.550130254
1990.742201	130.4890532	46.99946568	29.99014589	10.38508479	-1.603820458
1990.742201	130.4890532	46.99946568	29.9794803	10.2470994	-1.626249432
1990.742201	130.4890532	46.99946568	29.96650168	10.10578316	-1.612271529
1990.742201	130.4890532	46.99946568	29.95131107	9.962415267	-1.561607618
1990.742201	130.4890532	46.99946568	29.93419516	9.817553315	-1.479562259
1990.742201	130.4890532	46.99946568	29.9154517	9.672809408	-1.371056866
1990.742201	130.4890532	46.99946568	29.89545681	9.529784196	-1.242939479
1990.742201	130.4890532	46.99946568	29.87468456	9.389375309	-1.104693832
1990.742201	130.4890532	46.99946568	29.85355248	9.252670745	-0.962473361
1990.742201	130.4890532	46.99946568	29.8324644	9.12071135	-0.821486508
1990.742201	130.4890532	46.99946568	29.81186434	8.996508622	-0.690807896
1990.742201	130.4890532	46.99946568	29.79208012	8.881248733	-0.573059973
1990.742201	130.4890532	46.99946568	29.77335786	8.775585447	-0.467653761
1990.742201	130.4890532	46.99946568	29.75589703	8.681882449	-0.373811207
1990.742201	130.4890532	46.99946568	29.73988684	8.600535263	-0.290770592
1990.742201	130.4890532	46.99946568	29.72549271	8.530879028	-0.217784749
1990.742201	130.4890532	46.99946568	29.71284946	8.471890747	-0.15411914
1990.742201	130.4890532	46.99946568	29.7020586	8.423067429	-0.099049965
1990.742201	130.4890532	46.99946568	29.69319229	8.383937361	-0.051863038
1990.742201	130.4890532	46.99946568	29.6862948	8.354016598	-0.011853627
1990.742201	130.4890532	46.99946568	29.68106448	8.331423206	0.024195737
1990.742201	130.4890532	46.99946568	29.67829854	8.320245146	0.051471441
1990.742201	130.4890532	46.99946568	29.67748441	8.321606238	0.073678911
1990.742201	130.4890532	46.99946568	29.67857254	8.335256075	0.091472146
1990.742201	130.4890532	46.99946568	29.68149291	8.360110391	0.105507101
1990.742201	130.4890532	46.99946568	29.68613988	8.39438622	0.117314537
1990.742201	130.4890532	46.99946568	29.69234756	8.436134763	0.130879102
1990.742201	130.4890532	46.99946568	29.69994481	8.484162685	0.15038511
1990.742201	130.4890532	46.99946568	29.70884341	8.537901169	0.175959517
1990.742201	130.4890532	46.99946568	29.71897141	8.596696449	0.207008716
1990.742201	130.4890532	46.99946568	29.73025744	8.659726315	0.243014313
1990.742201	130.4890532	46.99946568	29.74263282	8.726475696	0.283521843
1990.742201	130.4890532	46.99946568	29.75602181	8.796437429	0.328617704
1990.742201	130.4890532	46.99946568	29.77031302	8.868849553	0.380455732
1990.742201	130.4890532	46.99946568	29.7854316	8.943214223	0.439924394
1990.742201	130.4890532	46.99946568	29.80133278	9.018970194	0.506889334
1990.742201	130.4890532	46.99946568	29.81795803	9.094605983	0.582059335
1990.742201	130.4890532	46.99946568	29.83525983	9.167881798	0.665716468
1990.742201	130.4890532	46.99946568	29.85322955	9.237920898	0.757321664
1990.742201	130.4890532	46.99946568	29.8718711	9.303849248	0.856183958
1990.742201	130.4890532	46.99946568	29.8912115	9.36531467	0.961238964
1990.742201	130.4890532	46.99946568	29.91127982	9.421784402	1.071522198
1990.742201	130.4890532	46.99946568	29.93207322	9.470216529	1.185439414
1990.742201	130.4890532	46.99946568	29.95365144	9.506893702	1.296862051
1990.742201	130.4890532	46.99946568	29.97606581	9.530431638	1.401556979
1990.742201	130.4890532	46.99946568	29.99931951	9.540583189	1.498262728
1990.742201	130.4890532	46.99946568	30.02342477	9.537748102	1.58540645
1990.742201	130.4890532	46.99946568	30.04844328	9.523219238	1.65943818
1990.742201	130.4890532	46.99946568	30.07455871	9.498436958	1.709755888
1990.742201	130.4890532	46.99946568	30.10181457	9.464653629	1.730872397
1990.742201	130.4890532	46.99946568	30.1300315	9.42243274	1.725714553
1990.742201	130.4890532	46.99946568	30.1591832	9.372479366	1.68783644
1990.742201	130.4890532	46.99946568	30.18939746	9.316397405	1.601787792
1990.742201	130.4890532	46.99946568	30.22037238	9.254895824	1.469460076
1990.742201	130.4890532	46.99946568	30.25196018	9.189223622	1.282507725
1990.742201	130.4890532	46.99946568	30.28402918	9.121584778	1.028945639
1990.742201	130.4890532	46.99946568	30.31592133	9.052427162	0.717205965
1990.742201	130.4890532	46.99946568	30.34689013	8.98234318	0.357044563
1990.742201	130.4890532	46.99946568	30.37616487	8.912094018	-0.04286085
1990.742201	130.4890532	46.99946568	30.40295982	8.841900537	-0.474828142
1990.742201	130.4890532	46.99946568	30.42649564	8.77195767	-0.932093009
1990.742201	130.4890532	46.99946568	30.446012	8.702437665	-1.408737628
1990.742201	130.4890532	46.99946568	30.46077873	8.633488379	-1.899623865
1990.742201	130.4890532	46.99946568	30.47010563	8.565232408	-2.400330464
1990.742201	130.4890532	46.99946568	30.47333419	8.497766174	-2.906242848
1990.742201	130.4890532	46.99946568	30.46905349	8.43301223	-3.376876518
1990.742201	130.4890532	46.99946568	30.45420442	8.378997238	-3.700558866
1990.742201	130.4890532	46.99946568	30.42703739	8.341345941	-3.812994682
1990.742201	130.4890532	46.99946568	30.38787059	8.320659033	-3.718683352
1990.742201	130.4890532	46.99946568	30.33785143	8.316446802	-3.43962393
1990.742201	130.4890532	46.99946568	30.27850466	8.328222794	-2.998422074
1990.742201	130.4890532	46.99946568	30.21750603	8.352639741	-2.472577715
1990.742201	130.4890532	46.99946568	30.14570394	8.393644897	-1.787530852
1990.742201	130.4890532	46.99946568	30.07059161	8.449082469	-1.006083453
1990.742201	130.4890532	46.99946568	29.99451986	8.518314779	-0.14662584
1990.742201	130.4890532	46.99946568	29.91990994	8.600638564	0.774365116
1990.742201	130.4890532	46.99946568	29.84927607	8.694571016	1.737868808
1990.742201	130.4890532	46.99946568	29.78539948	8.794259392	2.701879924
1990.742201	130.4890532	46.99946568	29.73055439	8.89550388	3.640574689
1990.742201	130.4890532	46.99946568	29.6866059	8.994977211	4.537413954
1990.742201	130.4890532	46.99946568	29.65506173	9.086743648	5.36899313
1990.742201	130.4890532	46.99946568	29.63680939	9.165444715	6.126187239
1990.742201	130.4890532	46.99946568	29.63243902	9.226569289	6.800462563
1990.742201	130.4890532	46.99946568	29.64241027	9.267636687	7.38449477
1990.742201	130.4890532	46.99946568	29.6669548	9.287914851	7.879044899
1990.742201	130.4890532	46.99946568	29.70613963	9.287151868	8.283997164
1990.742201	130.4890532	46.99946568	29.7597043	9.264712294	8.600885992
1990.742201	130.4890532	46.99946568	29.82713639	9.220162862	8.833896651
1990.742201	130.4890532	46.99946568	29.90776013	9.153187565	8.985633562
1990.742201	130.4890532	46.99946568	30.00067439	9.063543094	9.060929577
1990.742201	130.4890532	46.99946568	30.10490304	8.951622402	9.064983582
1990.742201	130.4890532	46.99946568	30.21916616	8.816732147	9.002077177
1990.742201	130.4890532	46.99946568	30.34215985	8.658932851	8.877692908
1990.742201	130.4890532	46.99946568	30.47251791	8.478724378	8.699152759
1990.742201	130.4890532	46.99946568	30.60893865	8.277158642	8.47124043
1990.742201	130.4890532	46.99946568	30.75014748	8.055447423	8.195958961
1990.742201	130.4890532	46.99946568	30.89480853	7.814983727	7.877949359
1990.742201	130.4890532	46.99946568	31.04151523	7.557319717	7.525670992
1990.742201	130.4890532	46.99946568	31.18888543	7.284259349	7.148104347
1990.742201	130.4890532	46.99946568	31.33552813	6.997329028	6.753817177
1990.742201	130.4890532	46.99946568	31.48013018	6.698271574	6.350692079
1990.742201	130.4890532	46.99946568	31.62145786	6.389760578	5.950489268
1990.742201	130.4890532	46.99946568	31.75830149	6.075943642	5.57409222
1990.742201	130.4890532	46.99946568	31.88966694	5.765581981	5.256951837
1990.742201	130.4890532	46.99946568	32.01466419	5.463464664	5.012876545
1990.742201	130.4890532	46.99946568	32.13263742	5.170220597	4.831533542
1990.742201	130.4890532	46.99946568	32.24370703	4.887823516	4.677494508
1990.742201	130.4890532	46.99946568	32.34830999	4.62581594	4.537538288
1990.742201	130.4890532	46.99946568	32.44643626	4.392009393	4.417753759
1990.742201	130.4890532	46.99946568	32.53785334	4.189154643	4.319723237
1990.742201	130.4890532	46.99946568	32.62248911	4.019322252	4.239888317
1990.742201	130.4890532	46.99946568	32.70044121	3.884609768	4.171679929
1990.742201	130.4890532	46.99946568	32.77169186	3.78539678	4.112987737
1990.742201	130.4890532	46.99946568	32.83646307	3.723157015	4.058149584
1990.742201	130.4890532	46.99946568	32.89559003	3.703355555	3.987984202
1990.742201	130.4890532	46.99946568	32.95390428	3.735327935	3.8880114
1990.742201	130.4890532	46.99946568	33.00241909	3.814760063	3.782634811
1990.742201	130.4890532	46.99946568	33.04563361	3.939378075	3.673149528
1990.742201	130.4890532	46.99946568	33.08341968	4.104862619	3.561621335
1990.742201	130.4890532	46.99946568	33.11546327	4.301996861	3.446857852
1990.742201	130.4890532	46.99946568	33.14142508	4.517477753	3.319093451
1990.742201	130.4890532	46.99946568	33.16129134	4.743348079	3.170534291
1990.742201	130.4890532	46.99946568	33.17518703	4.973519805	2.992694588
1990.742201	130.4890532	46.99946568	33.18338045	5.203463698	2.773436631
1990.742201	130.4890532	46.99946568	33.18610815	5.429159346	2.501920644
1990.742201	130.4890532	46.99946568	33.18351794	5.647041881	2.170541053
1990.742201	130.4890532	46.99946568	33.17566106	5.854955073	1.777093361
1990.742201	130.4890532	46.99946568	33.16247711	6.05213317	1.324534268
1990.742201	130.4890532	46.99946568	33.14380317	6.238212644	0.818400262
1990.742201	130.4890532	46.99946568	33.1194583	6.41291683	0.261999762
1990.742201	130.4890532	46.99946568	33.08922402	6.576048731	-0.342566843
1990.742201	130.4890532	46.99946568	33.05273275	6.727484288	-0.988230302
1990.742201	130.4890532	46.99946568	33.00957411	6.867164012	-1.667732303
1990.742201	130.4890532	46.99946568	32.95929755	6.995084174	-2.373112995
1990.742201	130.4890532	46.99946568	32.90128654	7.110854052	-3.087082934
1990.742201	130.4890532	46.99946568	32.83479768	7.212289209	-3.777786095
1990.742201	130.4890532	46.99946568	32.75951238	7.297910017	-4.430212689
1990.742201	130.4890532	46.99946568	32.67522091	7.366153564	-5.027063008
1990.742201	130.4890532	46.99946568	32.58182625	7.415258364	-5.546928327
1990.742201	130.4890532	46.99946568	32.47971819	7.445431712	-5.993697677
1990.742201	130.4890532	46.99946568	32.36947448	7.456395922	-6.371490383
1990.742201	130.4890532	46.99946568	32.25168188	7.447991216	-6.678842491
1990.742201	130.4890532	46.99946568	32.12697101	7.420827368	-6.914815467
1990.742201	130.4890532	46.99946568	31.99595124	7.375909619	-7.074146313
1990.742201	130.4890532	46.99946568	31.85948882	7.314141893	-7.158672847
1990.742201	130.4890532	46.99946568	31.71862323	7.236380596	-7.174088935
1990.742201	130.4890532	46.99946568	31.57448884	7.14377238	-7.12907409
1990.742201	130.4890532	46.99946568	31.42816991	7.037461301	-7.027034759
1990.742201	130.4890532	46.99946568	31.28052315	6.91908132	-6.860737764
1990.742201	130.4890532	46.99946568	31.1320151	6.792150861	-6.612204107
1990.742201	130.4890532	46.99946568	30.98346103	6.660617274	-6.279835549
1990.742201	130.4890532	46.99946568	30.83608664	6.527062822	-5.871006569
1990.742201	130.4890532	46.99946568	30.69150945	6.392360363	-5.401077172
1990.742201	130.4890532	46.99946568	30.55168516	6.256831579	-4.900110989
1990.742201	130.4890532	46.99946568	30.41879256	6.119325238	-4.406429315
1990.742201	130.4890532	46.99946568	30.29439029	5.979370998	-3.936663734
1990.742201	130.4890532	46.99946568	30.17973343	5.836552809	-3.500402553
1990.742201	130.4890532	46.99946568	30.07584871	5.6901814	-3.103346126
1990.742201	130.4890532	46.99946568	29.98341144	5.54061258	-2.745344702
1990.742201	130.4890532	46.99946568	29.90288715	5.388379431	-2.424331563
1990.742201	130.4890532	46.99946568	29.83978964	5.247054528	-2.160199164
1990.742201	130.4890532	46.99946568	29.7825704	5.095074797	-1.897822861
1990.742201	130.4890532	46.99946568	29.73728565	4.951970359	-1.658320525
1990.742201	130.4890532	46.99946568	29.70378077	4.82450799	-1.442784031
1990.742201	130.4890532	46.99946568	29.68188916	4.717146855	-1.252681196
1990.742201	130.4890532	46.99946568	29.67138448	4.629723549	-1.085937051
1990.742201	130.4890532	46.99946568	29.67196399	4.562280737	-0.942789279
1990.742201	130.4890532	46.99946568	29.6832639	4.516820122	-0.82781447
1990.742201	130.4890532	46.99946568	29.70474053	4.493793286	-0.740480436
1990.742201	130.4890532	46.99946568	29.73569612	4.491628747	-0.676066746
1990.742201	130.4890532	46.99946568	29.77535366	4.507912013	-0.629773866
1990.742201	130.4890532	46.99946568	29.82284563	4.543362195	-0.597524797
1990.742201	130.4890532	46.99946568	29.87723251	4.604469808	-0.577223794
1990.742201	130.4890532	46.99946568	29.93757662	4.691293153	-0.565165302
1990.742201	130.4890532	46.99946568	30.00292906	4.801147794	-0.55682613
1990.742201	130.4890532	46.99946568	30.07235599	4.929116698	-0.547633863
1990.742201	130.4890532	46.99946568	30.14492632	5.069870316	-0.532419989
1990.742201	130.4890532	46.99946568	30.21971036	5.217516697	-0.504295684
1990.742201	130.4890532	46.99946568	30.29590516	5.36637669	-0.460793723
1990.742201	130.4890532	46.99946568	30.37278541	5.51432709	-0.402608027
1990.742201	130.4890532	46.99946568	30.44964854	5.664230301	-0.330586333
1990.742201	130.4890532	46.99946568	30.52581776	5.81909024	-0.243235804
1990.742201	130.4890532	46.99946568	30.6007019	5.977572909	-0.138181681
1990.742201	130.4890532	46.99946568	30.67386092	6.134623417	-0.0165304
1990.742201	130.4890532	46.99946568	30.74530961	6.282254562	0.099117099
1990.742201	130.4890532	46.99946568	30.8150822	6.414923838	0.184005391
1990.742201	130.4890532	46.99946568	30.88278901	6.530866197	0.234697566
1990.742201	130.4890532	46.99946568	30.94796511	6.629121068	0.251944499
1990.742201	130.4890532	46.99946568	31.01012286	6.709283292	0.23837921
1990.742201	130.4890532	46.99946568	31.06877512	6.770967961	0.197588989
1990.742201	130.4890532	46.99946568	31.12346993	6.813346448	0.132568644
1990.742201	130.4890532	46.99946568	31.17378765	6.836270839	0.046424309
1990.742201	130.4890532	46.99946568	31.21948387	6.835177505	-0.065062634
1990.742201	130.4890532	46.99946568	31.26039559	6.801778473	-0.207712469
1990.742201	130.4890532	46.99946568	31.29626563	6.732907747	-0.37960122
1990.742201	130.4890532	46.99946568	31.32685533	6.628936306	-0.577629158
1990.742201	130.4890532	46.99946568	31.35194261	6.491631424	-0.797710217
1990.742201	130.4890532	46.99946568	31.37141981	6.322349032	-1.03917782
1990.742201	130.4890532	46.99946568	31.38523232	6.123082905	-1.30242777
1990.742201	130.4890532	46.99946568	31.39333795	5.900835569	-1.592898367
1990.742201	130.4890532	46.99946568	31.39542857	5.666736904	-1.909507038
1990.742201	130.4890532	46.99946568	31.39091865	5.43065947	-2.239381172
1990.742201	130.4890532	46.99946568	31.37930449	5.198846514	-2.570377026
1990.742201	130.4890532	46.99946568	31.36012833	4.975838755	-2.890020876
1990.742201	130.4890532	46.99946568	31.33057349	4.747055248	-3.216485243
1990.742201	130.4890532	46.99946568	31.29491845	4.551361525	-3.491642272
1990.742201	130.4890532	46.99946568	31.2508716	4.375394144	-3.730980058
1990.742201	130.4890532	46.99946568	31.19830504	4.222690183	-3.928578887
1990.742201	130.4890532	46.99946568	31.13751878	4.093808552	-4.086313357
1990.742201	130.4890532	46.99946568	31.06899068	3.9885433	-4.2078624
1990.742201	130.4890532	46.99946568	30.99326237	3.906886746	-4.296779758
1990.742201	130.4890532	46.99946568	30.91046671	3.855337045	-4.357585917
1990.742201	130.4890532	46.99946568	30.82040177	3.844710052	-4.392518924
1990.742201	130.4890532	46.99946568	30.72301998	3.881882034	-4.394138703
1990.742201	130.4890532	46.99946568	30.61899653	3.967561834	-4.364202429
1990.742201	130.4890532	46.99946568	30.5093957	4.099405988	-4.309251201
1990.742201	130.4890532	46.99946568	30.39531521	4.27496685	-4.235184213
1990.742201	130.4890532	46.99946568	30.27788147	4.491459059	-4.147217299
1990.742201	130.4890532	46.99946568	30.15819101	4.74630317	-4.049936224
1990.742201	130.4890532	46.99946568	30.03732791	5.03666833	-3.947336287
1990.742201	130.4890532	46.99946568	29.91652289	5.357414697	-3.844566239
1990.742201	130.4890532	46.99946568	29.79715275	5.701062286	-3.749565938
1990.742201	130.4890532	46.99946568	29.68025166	6.062623477	-3.665783555
1990.742201	130.4890532	46.99946568	29.56671888	6.437272128	-3.594856596
1990.742201	130.4890532	46.99946568	29.4576508	6.816229251	-3.540456506
1990.742201	130.4890532	46.99946568	29.35402743	7.190916307	-3.506609202
1990.742201	130.4890532	46.99946568	29.25649873	7.55342827	-3.487523802
1990.742201	130.4890532	46.99946568	29.16553736	7.898316815	-3.479972706
1990.742201	130.4890532	46.99946568	29.08141514	8.222983703	-3.483258996
1990.742201	130.4890532	46.99946568	29.00423658	8.526327545	-3.496551483
1990.742201	130.4890532	46.99946568	28.93402517	8.807385222	-3.518857243
1990.742201	130.4890532	46.99946568	28.87074774	9.065019771	-3.549051972
1990.742201	130.4890532	46.99946568	28.81428217	9.298530521	-3.585917431
1990.742201	130.4890532	46.99946568	28.76443302	9.507490521	-3.628151367
1990.742201	130.4890532	46.99946568	28.72094509	9.69145622	-3.673786405
1990.742201	130.4890532	46.99946568	28.68347429	9.850869196	-3.72131412
1990.742201	130.4890532	46.99946568	28.65161431	9.986684516	-3.769579105
1990.742201	130.4890532	46.99946568	28.62490822	10.09997205	-3.816726728
1990.742201	130.4890532	46.99946568	28.60247615	10.19297438	-3.843991596
1990.742201	130.4890532	46.99946568	28.58349983	10.2677062	-3.833133436
1990.742201	130.4890532	46.99946568	28.56771463	10.32503493	-3.787598291
1990.742201	130.4890532	46.99946568	28.55502891	10.36518293	-3.715348634
1990.742201	130.4890532	46.99946568	28.54533785	10.38902919	-3.624508148
1990.742201	130.4890532	46.99946568	28.53846852	10.39742839	-3.518610206
1990.742201	130.4890532	46.99946568	28.53425199	10.39152481	-3.401415786
1990.742201	130.4890532	46.99946568	28.53252468	10.37246405	-3.276234146
1990.742201	130.4890532	46.99946568	28.53310086	10.34133746	-3.144501061
1990.742201	130.4890532	46.99946568	28.53584077	10.29892787	-3.008589665
1990.742201	130.4890532	46.99946568	28.54058241	10.24623069	-2.870001464
1990.742201	130.4890532	46.99946568	28.54714056	10.18430875	-2.728893354
1990.742201	130.4890532	46.99946568	28.55515071	10.11819807	-2.58543552
1990.742201	130.4890532	46.99946568	28.56401244	10.05869546	-2.439823277
1990.742201	130.4890532	46.99946568	28.57359084	10.00734796	-2.29217266
1990.742201	130.4890532	46.99946568	28.58383143	9.964339939	-2.142982104
1990.742201	130.4890532	46.99946568	28.59471298	9.932111712	-1.998356347
1990.742201	130.4890532	46.99946568	28.60515407	9.917851525	-1.877582021
1990.742201	130.4890532	46.99946568	28.61692525	9.921404034	-1.758857384
1990.742201	130.4890532	46.99946568	28.62896633	9.945681736	-1.651668323
1990.742201	130.4890532	46.99946568	28.64116613	9.990588933	-1.554124715
1990.742201	130.4890532	46.99946568	28.65343269	10.0551775	-1.464596491
1990.742201	130.4890532	46.99946568	28.66573159	10.13702115	-1.382890502
1990.742201	130.4890532	46.99946568	28.67800467	10.23363053	-1.308113375
1990.742201	130.4890532	46.99946568	28.69015546	10.34346679	-1.238913527
1990.742201	130.4890532	46.99946568	28.70208487	10.46521519	-1.174124784
1990.742201	130.4890532	46.99946568	28.71371354	10.59645435	-1.112253799
1990.742201	130.4890532	46.99946568	28.72495692	10.73343203	-1.049893689
1990.742201	130.4890532	46.99946568	28.73574982	10.87353572	-0.985181594
1990.742201	130.4890532	46.99946568	28.74604687	11.0158649	-0.918115767
1990.742201	130.4890532	46.99946568	28.75581344	11.16001985	-0.848794138
1990.742201	130.4890532	46.99946568	28.76503198	11.30561176	-0.777293123
1990.742201	130.4890532	46.99946568	28.77370236	11.45132544	-0.703037623
1990.742201	130.4890532	46.99946568	28.78184601	11.5952284	-0.625346312
1990.742201	130.4890532	46.99946568	28.7894833	11.73609509	-0.543137552
1990.742201	130.4890532	46.99946568	28.79667146	11.8735204	-0.456767165
1990.742201	130.4890532	46.99946568	28.80349156	12.00699188	-0.366961658
1990.742201	130.4890532	46.99946568	28.810039	12.13571963	-0.274409566
1990.742201	130.4890532	46.99946568	28.81641717	12.25901962	-0.179759391
1990.742201	130.4890532	46.99946568	28.8227352	12.37632782	-0.083616866
1990.742201	130.4890532	46.99946568	28.82910957	12.48635353	0.013320258
1990.742201	130.4890532	46.99946568	28.83568328	12.5875485	0.108925693
1990.742201	130.4890532	46.99946568	28.84258845	12.67837191	0.201172987
1990.742201	130.4890532	46.99946568	28.84995373	12.75609126	0.287289898
1990.742201	130.4890532	46.99946568	28.85785972	12.81824114	0.365888415
1990.742201	130.4890532	46.99946568	28.86633325	12.86319754	0.437466959
1990.742201	130.4890532	46.99946568	28.8753845	12.88981575	0.502668722
1990.742201	130.4890532	46.99946568	28.88502878	12.89785652	0.561488238
1990.742201	130.4890532	46.99946568	28.89526185	12.8867905	0.614074072
1990.742201	130.4890532	46.99946568	28.90606928	12.85580586	0.660230373
1990.742201	130.4890532	46.99946568	28.91742552	12.80480969	0.70004439
1990.742201	130.4890532	46.99946568	28.92929198	12.73468982	0.734297465
1990.742201	130.4890532	46.99946568	28.94162443	12.64653832	0.763749331
1990.742201	130.4890532	46.99946568	28.95437332	12.54148028	0.789098238
1990.742201	130.4890532	46.99946568	28.96748709	12.42081598	0.810984008
1990.742201	130.4890532	46.99946568	28.98091069	12.28581906	0.829989639
1990.742201	130.4890532	46.99946568	28.99458673	12.13773105	0.846643544
1990.742201	130.4890532	46.99946568	29.0084565	11.97775665	0.861421777
1990.742201	130.4890532	46.99946568	29.0224606	11.80705974	0.874770758
1990.742201	130.4890532	46.99946568	29.036524	11.62686444	0.887998719
1990.742201	130.4890532	46.99946568	29.05054903	11.43902388	0.904197006
1990.742201	130.4890532	46.99946568	29.06560507	11.22990493	0.928863825
1990.742201	130.4890532	46.99946568	29.07937302	11.03477235	0.958372348
1990.742201	130.4890532	46.99946568	29.09305381	10.84104014	0.993615376
1990.742201	130.4890532	46.99946568	29.1067166	10.65248197	1.033397294
1990.742201	130.4890532	46.99946568	29.12048164	10.47234108	1.074162808
1990.742201	130.4890532	46.99946568	29.13445267	10.30243933	1.112286346
1990.742201	130.4890532	46.99946568	29.1487725	10.14573461	1.143376474
1990.742201	130.4890532	46.99946568	29.16351468	10.00564529	1.166819287
1990.742201	130.4890532	46.99946568	29.17864494	9.882770004	1.184222071
1990.742201	130.4890532	46.99946568	29.19411505	9.776675876	1.196484929
1990.742201	130.4890532	46.99946568	29.2098724	9.686864675	1.204397614
1990.742201	130.4890532	46.99946568	29.22586538	9.61296991	1.208656885
1990.742201	130.4890532	46.99946568	29.2421146	9.5582756	1.210170132
1990.742201	130.4890532	46.99946568	29.25863218	9.526545935	1.210830703
1990.742201	130.4890532	46.99946568	29.27544416	9.520730611	1.211079923
1990.742201	130.4890532	46.99946568	29.29258812	9.543923057	1.211112942
1990.742201	130.4890532	46.99946568	29.31001838	9.595128968	1.211076901
1990.742201	130.4890532	46.99946568	29.32768429	9.672918507	1.211088031
1990.742201	130.4890532	46.99946568	29.34554995	9.776219296	1.211102471
1990.742201	130.4890532	46.99946568	29.36361496	9.904360498	1.209840589
1990.742201	130.4890532	46.99946568	29.38183903	10.05587555	1.20720546
1990.742201	130.4890532	46.99946568	29.40017478	10.22925023	1.203453303
1990.742201	130.4890532	46.99946568	29.41857703	10.42297886	1.198801978
1990.742201	130.4890532	46.99946568	29.43699455	10.63516674	1.19343371
1990.742201	130.4890532	46.99946568	29.45533891	10.86205551	1.187492738
1990.742201	130.4890532	46.99946568	29.47340141	11.09531358	1.182465172
1990.742201	130.4890532	46.99946568	29.49096781	11.32579015	1.17961191
1990.742201	130.4890532	46.99946568	29.50796528	11.54856813	1.177844203
1990.742201	130.4890532	46.99946568	29.5244043	11.76180427	1.175196936
1990.742201	130.4890532	46.99946568	29.54027288	11.96432704	1.171575627
1990.742201	130.4890532	46.99946568	29.55551976	12.15415936	1.16809949
1990.742201	130.4890532	46.99946568	29.57011926	12.33001728	1.165535329
1990.742201	130.4890532	46.99946568	29.58406275	12.49078016	1.164139618
1990.742201	130.4890532	46.99946568	29.59733461	12.63570908	1.165172452
1990.742201	130.4890532	46.99946568	29.60993936	12.76427607	1.169417295
1990.742201	130.4890532	46.99946568	29.62189798	12.87634654	1.177583663
1990.742201	130.4890532	46.99946568	29.63323461	12.9713481	1.190122082
1990.742201	130.4890532	46.99946568	29.64396366	13.04786572	1.207391151
1990.742201	130.4890532	46.99946568	29.65409983	13.10388894	1.229374908
1990.742201	130.4890532	46.99946568	29.66370275	13.13786799	1.254448841
1990.742201	130.4890532	46.99946568	29.6728492	13.14815338	1.279948872
1990.742201	130.4890532	46.99946568	29.68161236	13.13428993	1.304536621
1990.742201	130.4890532	46.99946568	29.69006866	13.0965887	1.327351973
1990.742201	130.4890532	46.99946568	29.69829599	13.03622769	1.348221649
1990.742201	130.4890532	46.99946568	29.70636677	12.95456051	1.367191331
1990.742201	130.4890532	46.99946568	29.7143476	12.85294262	1.38432392
1990.742201	130.4890532	46.99946568	29.72163752	12.7434104	1.398393191
1990.742201	130.4890532	46.99946568	29.72968366	12.60685802	1.407874262
1990.742201	130.4890532	46.99946568	29.73822839	12.45345981	1.39266483
1990.742201	130.4890532	46.99946568	29.74776505	12.28552723	1.329548402
1990.742201	130.4890532	46.99946568	29.75845213	12.10585529	1.209730772
1990.742201	130.4890532	46.99946568	29.77019161	11.91684705	1.033155493
1990.742201	130.4890532	46.99946568	29.78273367	11.72068908	0.803438375
1990.742201	130.4890532	46.99946568	29.79569957	11.51928265	0.526860875
1990.742201	130.4890532	46.99946568	29.80868924	11.31761593	0.208852751
1990.742201	130.4890532	46.99946568	29.82112993	11.12498489	-0.140369966
1990.742201	130.4890532	46.99946568	29.8323453	10.94811969	-0.5124021
1990.742201	130.4890532	46.99946568	29.84155194	10.79429909	-0.8994568
1990.742201	130.4890532	46.99946568	29.84795562	10.66795493	-1.296379298
1990.742201	130.4890532	46.99946568	29.85071949	10.57233923	-1.698063624
1990.742201	130.4890532	46.99946568	29.84895822	10.51093677	-2.099385298
1990.742201	130.4890532	46.99946568	29.84167767	10.4879195	-2.492907922
1990.742201	130.4890532	46.99946568	29.82796457	10.50540175	-2.8718423
1990.742201	130.4890532	46.99946568	29.80722051	10.5620443	-3.235752118
1990.742201	130.4890532	46.99946568	29.77885244	10.65644868	-3.581013876
1990.742201	130.4890532	46.99946568	29.74223197	10.78500394	-3.890208775
1990.742201	130.4890532	46.99946568	29.69715228	10.9409505	-4.148036522
1990.742201	130.4890532	46.99946568	29.64374303	11.11754367	-4.345277685
1990.742201	130.4890532	46.99946568	29.58233491	11.30891818	-4.475317654
1990.742201	130.4890532	46.99946568	29.51327628	11.51229521	-4.534707648
1990.742201	130.4890532	46.99946568	29.43703935	11.72633085	-4.52318761
1990.742201	130.4890532	46.99946568	29.35412182	11.95110335	-4.439073371
1990.742201	130.4890532	46.99946568	29.2652223	12.18721368	-4.2843371
1990.742201	130.4890532	46.99946568	29.17130054	12.43522533	-4.065787752
1990.742201	130.4890532	46.99946568	29.0735039	12.69550355	-3.791633231
1990.742201	130.4890532	46.99946568	28.97314308	12.96829442	-3.471691703
1990.742201	130.4890532	46.99946568	28.87169413	13.25264192	-3.115460102
1990.742201	130.4890532	46.99946568	28.77070305	13.54737655	-2.732527612
1990.742201	130.4890532	46.99946568	28.67179007	13.85034713	-2.332840035
1990.742201	130.4890532	46.99946568	28.5765391	14.15919049	-1.925207993
1990.742201	130.4890532	46.99946568	28.48658109	14.47006807	-1.521524541
1990.742201	130.4890532	46.99946568	28.40347562	14.77713925	-1.133615225
1990.742201	130.4890532	46.99946568	28.32842119	15.07564572	-0.765106446
1990.742201	130.4890532	46.99946568	28.26240023	15.36163186	-0.417942936
1990.742201	130.4890532	46.99946568	28.2062482	15.6313331	-0.095258056
1990.742201	130.4890532	46.99946568	28.16059875	15.88263288	0.200991038
1990.742201	130.4890532	46.99946568	28.12591613	16.11468947	0.469406915
1990.742201	130.4890532	46.99946568	28.10252593	16.32741288	0.708215969
1990.742201	130.4890532	46.99946568	28.09054356	16.52133308	0.919161618
1990.742201	130.4890532	46.99946568	28.08990937	16.69704664	1.106018408
1990.742201	130.4890532	46.99946568	28.10151726	16.86673608	1.299825041
1990.742201	130.4890532	46.99946568	28.1228604	17.00320601	1.495010221
1990.742201	130.4890532	46.99946568	28.15382755	17.12054693	1.722865732
1990.742201	130.4890532	46.99946568	28.19398162	17.21950199	1.994000233
1990.742201	130.4890532	46.99946568	28.24306815	17.29958866	2.30796216
1990.742201	130.4890532	46.99946568	28.3007949	17.35854669	2.661715577
1990.742201	130.4890532	46.99946568	28.36692051	17.39494626	3.049506217
1990.742201	130.4890532	46.99946568	28.44121012	17.40748292	3.46310473
1990.742201	130.4890532	46.99946568	28.52341143	17.39548809	3.894179189
1990.742201	130.4890532	46.99946568	28.61324004	17.36012007	4.339618592
1990.742201	130.4890532	46.99946568	28.71039141	17.30291616	4.797508765
1990.742201	130.4890532	46.99946568	28.81453647	17.22539585	5.266292336
1990.742201	130.4890532	46.99946568	28.9253253	17.12905384	5.744684246
1990.742201	130.4890532	46.99946568	29.0424135	17.01535108	6.230461532
1990.742201	130.4890532	46.99946568	29.1654221	16.88571213	6.722502779
1990.742201	130.4890532	46.99946568	29.2938992	16.74115597	7.220489855
1990.742201	130.4890532	46.99946568	29.42734186	16.58219868	7.723012079
1990.742201	130.4890532	46.99946568	29.56531729	16.40929794	8.223894179
1990.742201	130.4890532	46.99946568	29.70740204	16.22154993	8.70537056
1990.742201	130.4890532	46.99946568	29.8533376	16.01717369	9.131402127
1990.742201	130.4890532	46.99946568	30.00278329	15.79361308	9.458353253
1990.742201	130.4890532	46.99946568	30.15496164	15.55084135	9.678717664
1990.742201	130.4890532	46.99946568	30.30881422	15.29034807	9.807325151
1990.742201	130.4890532	46.99946568	30.46327845	15.01372179	9.857561583
1990.742201	130.4890532	46.99946568	30.61749071	14.72272758	9.833353918
1990.742201	130.4890532	46.99946568	30.77077091	14.4199624	9.73645489
1990.742201	130.4890532	46.99946568	30.92250127	14.10880796	9.572161495
1990.742201	130.4890532	46.99946568	31.07189946	13.79205201	9.348605613
1990.742201	130.4890532	46.99946568	31.21802	13.47171409	9.075901074
1990.742201	130.4890532	46.99946568	31.36000904	13.14993053	8.761884435
1990.742201	130.4890532	46.99946568	31.49707343	12.82913596	8.4155443
1990.742201	130.4890532	46.99946568	31.62849089	12.51189223	8.045297689
1990.742201	130.4890532	46.99946568	31.75359087	12.2011681	7.662273423
1990.742201	130.4890532	46.99946568	31.87187503	11.90046113	7.275025164
1990.742201	130.4890532	46.99946568	31.98332214	11.615988	6.888400076
1990.742201	130.4890532	46.99946568	32.08782205	11.35268168	6.504590902
1990.742201	130.4890532	46.99946568	32.18524762	11.11434617	6.121298193
1990.742201	130.4890532	46.99946568	32.27533713	10.90328542	5.736851929
1990.742201	130.4890532	46.99946568	32.35770461	10.72069179	5.352610973
1990.742201	130.4890532	46.99946568	32.43203777	10.56780589	4.969766945
1990.742201	130.4890532	46.99946568	32.49798207	10.44481149	4.589988178
1990.742201	130.4890532	46.99946568	32.55519679	10.35101642	4.214348756
1990.742201	130.4890532	46.99946568	32.60340974	10.28506919	3.842038637
1990.742201	130.4890532	46.99946568	32.6425615	10.24474508	3.462466869
1990.742201	130.4890532	46.99946568	32.67270571	10.2293317	3.067229221
1990.742201	130.4890532	46.99946568	32.6938008	10.23903378	2.656984503
1990.742201	130.4890532	46.99946568	32.7057453	10.27313854	2.233778297
1990.742201	130.4890532	46.99946568	32.70844502	10.33033084	1.799274177
1990.742201	130.4890532	46.99946568	32.70184452	10.40944311	1.354832461
1990.742201	130.4890532	46.99946568	32.68590456	10.50964168	0.90270179
1990.742201	130.4890532	46.99946568	32.66059083	10.63018677	0.445883568
1990.742201	130.4890532	46.99946568	32.6291413	10.75801367	0.025393791
1990.742201	130.4890532	46.99946568	32.58583061	10.9161561	-0.432098902
1990.742201	130.4890532	46.99946568	32.53314962	11.0935105	-0.88602301
1990.742201	130.4890532	46.99946568	32.47117918	11.2890345	-1.335734331
1990.742201	130.4890532	46.99946568	32.40003962	11.50116632	-1.780889187
1990.742201	130.4890532	46.99946568	32.31986539	11.72830398	-2.22030097
1990.742201	130.4890532	46.99946568	32.2308181	11.96829038	-2.651271387
1990.742201	130.4890532	46.99946568	32.13315623	12.21892255	-3.073748162
1990.742201	130.4890532	46.99946568	32.02717712	12.47811084	-3.487769385
1990.742201	130.4890532	46.99946568	31.91319931	12.74413227	-3.893728395
1990.742201	130.4890532	46.99946568	31.79157411	13.01490442	-4.290693199
1990.742201	130.4890532	46.99946568	31.66268305	13.28861972	-4.678418039
1990.742201	130.4890532	46.99946568	31.52694519	13.56321068	-5.055611148
1990.742201	130.4890532	46.99946568	31.38482943	13.83653347	-5.421036594
1990.742201	130.4890532	46.99946568	31.23678698	14.1074772	-5.77558895
1990.742201	130.4890532	46.99946568	31.08329346	14.37430299	-6.116731008
1990.742201	130.4890532	46.99946568	30.92494811	14.62916307	-6.409691059
1990.742201	130.4890532	46.99946568	30.76272545	14.86130645	-6.608556719
1990.742201	130.4890532	46.99946568	30.59806964	15.06436182	-6.702773937
1990.742201	130.4890532	46.99946568	30.43282491	15.23324657	-6.700996872
1990.742201	130.4890532	46.99946568	30.26918578	15.36222203	-6.620733651
1990.742201	130.4890532	46.99946568	30.10894327	15.44892734	-6.478526699
1990.742201	130.4890532	46.99946568	29.95357287	15.49294189	-6.287426504
1990.742201	130.4890532	46.99946568	29.80436059	15.49474077	-6.057999118
1990.742201	130.4890532	46.99946568	29.66246014	15.45513559	-5.798739506
1990.742201	130.4890532	46.99946568	29.52882458	15.37582741	-5.51631367
1990.742201	130.4890532	46.99946568	29.40428013	15.2590565	-5.217626413
1990.742201	130.4890532	46.99946568	29.28954278	15.10716235	-4.908774998
1990.742201	130.4890532	46.99946568	29.18524859	14.9226443	-4.597219719
1990.742201	130.4890532	46.99946568	29.09202909	14.70838313	-4.296775986
1990.742201	130.4890532	46.99946568	29.02317883	14.50960153	-4.0660659
1990.742201	130.4890532	46.99946568	28.94057703	14.20343612	-3.779043194
1990.742201	130.4890532	46.99946568	28.88263472	13.91739389	-3.565893027
1990.742201	130.4890532	46.99946568	28.8364551	13.61158182	-3.380647053
1990.742201	130.4890532	46.99946568	28.80180733	13.28784668	-3.220618513
1990.742201	130.4890532	46.99946568	28.77835	12.94798832	-3.083021116
1990.742201	130.4890532	46.99946568	28.76556521	12.59434451	-2.962768047
1990.742201	130.4890532	46.99946568	28.76269195	12.23009723	-2.849275025
1990.742201	130.4890532	46.99946568	28.76897162	11.85855822	-2.735731426
